  293.6                  70  2.5301E-08 
	350                    35    3.0161E-08
	400                    40    3.4470E-08
	450                    45    3.8778E-08
	500                    50    4.3087E-08
	550                    55    4.7396E-08
	600                    71    5.1704E-08
	650                    65    5.6013E-08
	700                    69    6.0322E-08
	750                    75    6.4630E-08
	800                    80    6.8939E-08
	850                    85    7.3248E-08
	900                    72    7.7556E-08
	950                    95    8.1865E-08
   1000                    16  8.6174E-08
   1050                    21  9.0483E-08
   1100                    22  9.4791E-08
   1150                    23  9.9100E-08
   1200                    73  1.0341E-07
