   300                      70
   350                      35
   400                      40
   450                      45
   500                      50
   550                      55
   600                      71
   650                      65
   700                      69
   750                      75
   800                      80
   850                      85
   900                      72
   950                      95
  1000                      16
  1050                      21
  1100                      22
  1150                      23
  1200                      73
